{
  "nbformat": 4,
  "nbformat_minor": 0,
  "metadata": {
    "colab": {
      "provenance": [],
      "authorship_tag": "ABX9TyOIV48tdmvzpT53j2NAYqX8",
      "include_colab_link": true
    },
    "kernelspec": {
      "name": "python3",
      "display_name": "Python 3"
    },
    "language_info": {
      "name": "python"
    }
  },
  "cells": [
    {
      "cell_type": "markdown",
      "metadata": {
        "id": "view-in-github",
        "colab_type": "text"
      },
      "source": [
        "<a href=\"https://colab.research.google.com/github/jdj40211/TallerAplicacionesAlgebra/blob/main/Ejercicio10.ipynb\" target=\"_parent\"><img src=\"https://colab.research.google.com/assets/colab-badge.svg\" alt=\"Open In Colab\"/></a>"
      ]
    },
    {
      "cell_type": "code",
      "execution_count": 2,
      "metadata": {
        "colab": {
          "base_uri": "https://localhost:8080/"
        },
        "id": "QqTN9AYXFV6A",
        "outputId": "77f138d8-4c5e-411c-913a-0d631af3ce7e"
      },
      "outputs": [
        {
          "output_type": "stream",
          "name": "stdout",
          "text": [
            "\n",
            "Grafo G1:\n",
            "Autovalores:\n",
            "[ 2.56155281e+00  4.19213546e-17 -1.56155281e+00 -1.00000000e+00]\n",
            "\n",
            "Autovectores:\n",
            "[[-4.35162146e-01 -7.07106781e-01 -5.57345410e-01  1.57009246e-16]\n",
            " [-5.57345410e-01  1.26658326e-16  4.35162146e-01 -7.07106781e-01]\n",
            " [-4.35162146e-01  7.07106781e-01 -5.57345410e-01  1.57009246e-16]\n",
            " [-5.57345410e-01  1.17332908e-17  4.35162146e-01  7.07106781e-01]]\n",
            "\n",
            "Matriz de autovectores (P):\n",
            "[[-4.35162146e-01 -7.07106781e-01 -5.57345410e-01  1.57009246e-16]\n",
            " [-5.57345410e-01  1.26658326e-16  4.35162146e-01 -7.07106781e-01]\n",
            " [-4.35162146e-01  7.07106781e-01 -5.57345410e-01  1.57009246e-16]\n",
            " [-5.57345410e-01  1.17332908e-17  4.35162146e-01  7.07106781e-01]]\n",
            "\n",
            "Matriz diagonal de autovalores (D):\n",
            "[[ 2.56155281e+00  0.00000000e+00  0.00000000e+00  0.00000000e+00]\n",
            " [ 0.00000000e+00  4.19213546e-17  0.00000000e+00  0.00000000e+00]\n",
            " [ 0.00000000e+00  0.00000000e+00 -1.56155281e+00  0.00000000e+00]\n",
            " [ 0.00000000e+00  0.00000000e+00  0.00000000e+00 -1.00000000e+00]]\n",
            "\n",
            "Matriz inversa de autovectores (P_inv):\n",
            "[[-4.35162146e-01 -5.57345410e-01 -4.35162146e-01 -5.57345410e-01]\n",
            " [-7.07106781e-01  7.85046229e-17  7.07106781e-01  7.85046229e-17]\n",
            " [-5.57345410e-01  4.35162146e-01 -5.57345410e-01  4.35162146e-01]\n",
            " [-8.75083825e-17 -7.07106781e-01  2.74166526e-17  7.07106781e-01]]\n",
            "\n",
            "Matriz A^10:\n",
            " [[2330. 2929. 2330. 2929.]\n",
            " [2929. 3795. 2929. 3794.]\n",
            " [2330. 2929. 2330. 2929.]\n",
            " [2929. 3794. 2929. 3795.]]\n",
            "\n",
            "El número de 10-trayectorias entre los vértices 2 y 4 de G1 es: 3794\n",
            "\n",
            "Grafo G2:\n",
            "Autovalores:\n",
            "[ 2.41421356  1.73205081 -1.73205081 -0.41421356 -1.         -1.        ]\n",
            "\n",
            "Autovectores:\n",
            "[[-3.53553391e-01 -4.44036917e-01 -2.29850422e-01 -3.53553391e-01\n",
            "   7.07106781e-01 -1.54303350e-01]\n",
            " [-3.53553391e-01 -4.44036917e-01 -2.29850422e-01 -3.53553391e-01\n",
            "  -7.07106781e-01  1.54303350e-01]\n",
            " [-5.00000000e-01  3.25057584e-01 -6.27963030e-01  5.00000000e-01\n",
            "  -3.85144331e-16 -1.87412959e-17]\n",
            " [-5.00000000e-01 -3.25057584e-01  6.27963030e-01  5.00000000e-01\n",
            "   2.33875654e-16 -4.47022907e-17]\n",
            " [-3.53553391e-01  4.44036917e-01  2.29850422e-01 -3.53553391e-01\n",
            "   1.79311266e-16 -6.90065559e-01]\n",
            " [-3.53553391e-01  4.44036917e-01  2.29850422e-01 -3.53553391e-01\n",
            "   2.34822417e-16  6.90065559e-01]]\n",
            "\n",
            "Matriz de autovectores (P):\n",
            "[[-3.53553391e-01 -4.44036917e-01 -2.29850422e-01 -3.53553391e-01\n",
            "   7.07106781e-01 -1.54303350e-01]\n",
            " [-3.53553391e-01 -4.44036917e-01 -2.29850422e-01 -3.53553391e-01\n",
            "  -7.07106781e-01  1.54303350e-01]\n",
            " [-5.00000000e-01  3.25057584e-01 -6.27963030e-01  5.00000000e-01\n",
            "  -3.85144331e-16 -1.87412959e-17]\n",
            " [-5.00000000e-01 -3.25057584e-01  6.27963030e-01  5.00000000e-01\n",
            "   2.33875654e-16 -4.47022907e-17]\n",
            " [-3.53553391e-01  4.44036917e-01  2.29850422e-01 -3.53553391e-01\n",
            "   1.79311266e-16 -6.90065559e-01]\n",
            " [-3.53553391e-01  4.44036917e-01  2.29850422e-01 -3.53553391e-01\n",
            "   2.34822417e-16  6.90065559e-01]]\n",
            "\n",
            "Matriz diagonal de autovalores (D):\n",
            "[[ 2.41421356  0.          0.          0.          0.          0.        ]\n",
            " [ 0.          1.73205081  0.          0.          0.          0.        ]\n",
            " [ 0.          0.         -1.73205081  0.          0.          0.        ]\n",
            " [ 0.          0.          0.         -0.41421356  0.          0.        ]\n",
            " [ 0.          0.          0.          0.         -1.          0.        ]\n",
            " [ 0.          0.          0.          0.          0.         -1.        ]]\n",
            "\n",
            "Matriz inversa de autovectores (P_inv):\n",
            "[[-3.53553391e-01 -3.53553391e-01 -5.00000000e-01 -5.00000000e-01\n",
            "  -3.53553391e-01 -3.53553391e-01]\n",
            " [-4.44036917e-01 -4.44036917e-01  3.25057584e-01 -3.25057584e-01\n",
            "   4.44036917e-01  4.44036917e-01]\n",
            " [-2.29850422e-01 -2.29850422e-01 -6.27963030e-01  6.27963030e-01\n",
            "   2.29850422e-01  2.29850422e-01]\n",
            " [-3.53553391e-01 -3.53553391e-01  5.00000000e-01  5.00000000e-01\n",
            "  -3.53553391e-01 -3.53553391e-01]\n",
            " [ 7.07106781e-01 -7.07106781e-01 -6.86983381e-16 -1.31939337e-16\n",
            "  -1.58113883e-01  1.58113883e-01]\n",
            " [ 1.78620009e-31  5.68820034e-17 -5.93876812e-17 -3.41299718e-17\n",
            "  -7.24568837e-01  7.24568837e-01]]\n",
            "\n",
            "Matriz A^13:\n",
            " [[12012. 12013. 16366. 17095. 11648. 11648.]\n",
            " [12013. 12012. 16366. 17095. 11648. 11648.]\n",
            " [16366. 16366. 23296. 24025. 17095. 17095.]\n",
            " [17095. 17095. 24025. 23296. 16366. 16366.]\n",
            " [11648. 11648. 17095. 16366. 12012. 12013.]\n",
            " [11648. 11648. 17095. 16366. 12013. 12012.]]\n",
            "\n",
            "El número de 13-trayectorias entre los vértices 4 y 5 de G2 es: 16366\n",
            "\n",
            "Grafo G3:\n",
            "Autovalores:\n",
            "[ 2.87938524  1.59615468 -2.26307741 -1.51572159  0.65270364 -0.53208889\n",
            "  0.18264432 -1.        ]\n",
            "\n",
            "Autovectores:\n",
            "[[ 4.08248290e-01  3.17475374e-01  3.71084226e-01  4.83485061e-01\n",
            "   4.08248290e-01  4.08248290e-01 -1.66577549e-01 -3.50728607e-16]\n",
            " [ 3.03012985e-01  4.39762145e-01  7.72904941e-02 -4.54007321e-01\n",
            "   1.61229842e-01 -4.64242827e-01 -3.07429322e-01 -4.08248290e-01]\n",
            " [ 4.64242827e-01 -3.84453031e-01  5.45998597e-01 -2.04663637e-01\n",
            "  -3.03012985e-01 -1.61229842e-01 -1.10427329e-01  4.08248290e-01]\n",
            " [ 4.64242827e-01  3.84453031e-01 -5.45998597e-01  2.04663637e-01\n",
            "  -3.03012985e-01 -1.61229842e-01  1.10427329e-01  4.08248290e-01]\n",
            " [ 3.03012985e-01 -4.39762145e-01 -7.72904941e-02  4.54007321e-01\n",
            "   1.61229842e-01 -4.64242827e-01  3.07429322e-01 -4.08248290e-01]\n",
            " [ 1.61229842e-01 -2.40862014e-01 -2.41263774e-01  1.35027196e-01\n",
            "  -4.64242827e-01  3.03012985e-01 -6.04603124e-01 -4.08248290e-01]\n",
            " [ 1.61229842e-01  2.40862014e-01  2.41263774e-01 -1.35027196e-01\n",
            "  -4.64242827e-01  3.03012985e-01  6.04603124e-01 -4.08248290e-01]\n",
            " [ 4.08248290e-01 -3.17475374e-01 -3.71084226e-01 -4.83485061e-01\n",
            "   4.08248290e-01  4.08248290e-01  1.66577549e-01 -3.33416562e-17]]\n",
            "\n",
            "Matriz de autovectores (P):\n",
            "[[ 4.08248290e-01  3.17475374e-01  3.71084226e-01  4.83485061e-01\n",
            "   4.08248290e-01  4.08248290e-01 -1.66577549e-01 -3.50728607e-16]\n",
            " [ 3.03012985e-01  4.39762145e-01  7.72904941e-02 -4.54007321e-01\n",
            "   1.61229842e-01 -4.64242827e-01 -3.07429322e-01 -4.08248290e-01]\n",
            " [ 4.64242827e-01 -3.84453031e-01  5.45998597e-01 -2.04663637e-01\n",
            "  -3.03012985e-01 -1.61229842e-01 -1.10427329e-01  4.08248290e-01]\n",
            " [ 4.64242827e-01  3.84453031e-01 -5.45998597e-01  2.04663637e-01\n",
            "  -3.03012985e-01 -1.61229842e-01  1.10427329e-01  4.08248290e-01]\n",
            " [ 3.03012985e-01 -4.39762145e-01 -7.72904941e-02  4.54007321e-01\n",
            "   1.61229842e-01 -4.64242827e-01  3.07429322e-01 -4.08248290e-01]\n",
            " [ 1.61229842e-01 -2.40862014e-01 -2.41263774e-01  1.35027196e-01\n",
            "  -4.64242827e-01  3.03012985e-01 -6.04603124e-01 -4.08248290e-01]\n",
            " [ 1.61229842e-01  2.40862014e-01  2.41263774e-01 -1.35027196e-01\n",
            "  -4.64242827e-01  3.03012985e-01  6.04603124e-01 -4.08248290e-01]\n",
            " [ 4.08248290e-01 -3.17475374e-01 -3.71084226e-01 -4.83485061e-01\n",
            "   4.08248290e-01  4.08248290e-01  1.66577549e-01 -3.33416562e-17]]\n",
            "\n",
            "Matriz diagonal de autovalores (D):\n",
            "[[ 2.87938524  0.          0.          0.          0.          0.\n",
            "   0.          0.        ]\n",
            " [ 0.          1.59615468  0.          0.          0.          0.\n",
            "   0.          0.        ]\n",
            " [ 0.          0.         -2.26307741  0.          0.          0.\n",
            "   0.          0.        ]\n",
            " [ 0.          0.          0.         -1.51572159  0.          0.\n",
            "   0.          0.        ]\n",
            " [ 0.          0.          0.          0.          0.65270364  0.\n",
            "   0.          0.        ]\n",
            " [ 0.          0.          0.          0.          0.         -0.53208889\n",
            "   0.          0.        ]\n",
            " [ 0.          0.          0.          0.          0.          0.\n",
            "   0.18264432  0.        ]\n",
            " [ 0.          0.          0.          0.          0.          0.\n",
            "   0.         -1.        ]]\n",
            "\n",
            "Matriz inversa de autovectores (P_inv):\n",
            "[[ 4.08248290e-01  3.03012985e-01  4.64242827e-01  4.64242827e-01\n",
            "   3.03012985e-01  1.61229842e-01  1.61229842e-01  4.08248290e-01]\n",
            " [ 3.17475374e-01  4.39762145e-01 -3.84453031e-01  3.84453031e-01\n",
            "  -4.39762145e-01 -2.40862014e-01  2.40862014e-01 -3.17475374e-01]\n",
            " [ 3.71084226e-01  7.72904941e-02  5.45998597e-01 -5.45998597e-01\n",
            "  -7.72904941e-02 -2.41263774e-01  2.41263774e-01 -3.71084226e-01]\n",
            " [ 4.83485061e-01 -4.54007321e-01 -2.04663637e-01  2.04663637e-01\n",
            "   4.54007321e-01  1.35027196e-01 -1.35027196e-01 -4.83485061e-01]\n",
            " [ 4.08248290e-01  1.61229842e-01 -3.03012985e-01 -3.03012985e-01\n",
            "   1.61229842e-01 -4.64242827e-01 -4.64242827e-01  4.08248290e-01]\n",
            " [ 4.08248290e-01 -4.64242827e-01 -1.61229842e-01 -1.61229842e-01\n",
            "  -4.64242827e-01  3.03012985e-01  3.03012985e-01  4.08248290e-01]\n",
            " [-1.66577549e-01 -3.07429322e-01 -1.10427329e-01  1.10427329e-01\n",
            "   3.07429322e-01 -6.04603124e-01  6.04603124e-01  1.66577549e-01]\n",
            " [-3.73928488e-16 -4.08248290e-01  4.08248290e-01  4.08248290e-01\n",
            "  -4.08248290e-01 -4.08248290e-01 -4.08248290e-01 -1.13311663e-17]]\n",
            "\n",
            "Matriz A^12:\n",
            " [[56678. 40701. 65164. 57947. 39654. 19751. 23005. 51584.]\n",
            " [40701. 30012. 46417. 44959. 29630. 15493. 16242. 39654.]\n",
            " [65164. 46417. 75425. 64572. 44959. 21954. 26666. 57947.]\n",
            " [57947. 44959. 64572. 75425. 46417. 26666. 21954. 65164.]\n",
            " [39654. 29630. 44959. 46417. 30012. 16242. 15493. 40701.]\n",
            " [19751. 15493. 21954. 26666. 16242.  9512.  7374. 23005.]\n",
            " [23005. 16242. 26666. 21954. 15493.  7374.  9512. 19751.]\n",
            " [51584. 39654. 57947. 65164. 40701. 23005. 19751. 56678.]]\n",
            "\n",
            "El número de circuitos de longitud 12 del vértice 7 de G3 es: 9512\n"
          ]
        }
      ],
      "source": [
        "import numpy as np\n",
        "\n",
        "# Definir las matrices de adyacencia para G1, G2 y G3\n",
        "A_G1 = np.array([[0, 1, 0, 1],\n",
        "                 [1, 0, 1, 1],\n",
        "                 [0, 1, 0, 1],\n",
        "                 [1, 1, 1, 0]])\n",
        "\n",
        "A_G2 = np.array([[0, 1, 0, 1, 0, 0],\n",
        "                 [1, 0, 0, 1, 0, 0],\n",
        "                 [0, 0, 0, 1, 1, 1],\n",
        "                 [1, 1, 1, 0, 0, 0],\n",
        "                 [0, 0, 1, 0, 0, 1],\n",
        "                 [0, 0, 1, 0, 1, 0]])\n",
        "\n",
        "A_G3 = np.array([[0, 1, 0, 1, 0, 0, 0, 1],\n",
        "                 [1, 0, 0, 1, 0, 0, 0, 0],\n",
        "                 [0, 0, 0, 1, 1, 1, 0, 1],\n",
        "                 [1, 1, 1, 0, 0, 0, 1, 0],\n",
        "                 [0, 0, 1, 0, 0, 0, 0, 1],\n",
        "                 [0, 0, 1, 0, 0, 0, 0, 0],\n",
        "                 [0, 0, 0, 1, 0, 0, 0, 0],\n",
        "                 [1, 0, 1, 0, 1, 0, 0, 0]])\n",
        "\n",
        "# Función para diagonalizar una matriz y calcular su potencia\n",
        "def diagonalizar_y_potenciar(A, k, vertices):\n",
        "    # Encontrar los autovalores y autovectores\n",
        "    autovalores, autovectores = np.linalg.eig(A)\n",
        "\n",
        "    # Imprimir autovalores y autovectores\n",
        "    print(\"Autovalores:\")\n",
        "    print(autovalores)\n",
        "    print(\"\\nAutovectores:\")\n",
        "    print(autovectores)\n",
        "\n",
        "    # Crear la matriz diagonal D con los autovalores\n",
        "    D = np.diag(autovalores)\n",
        "\n",
        "    # Invertir la matriz de autovectores\n",
        "    P_inv = np.linalg.inv(autovectores)\n",
        "\n",
        "    # Imprimir las matrices de diagonalización\n",
        "    print(\"\\nMatriz de autovectores (P):\")\n",
        "    print(autovectores)\n",
        "    print(\"\\nMatriz diagonal de autovalores (D):\")\n",
        "    print(D)\n",
        "    print(\"\\nMatriz inversa de autovectores (P_inv):\")\n",
        "    print(P_inv)\n",
        "\n",
        "    # Calcular A^k usando la diagonalización\n",
        "    D_potencia = np.linalg.matrix_power(D, k)\n",
        "    A_potencia = autovectores @ D_potencia @ P_inv\n",
        "\n",
        "    # Imprimir la matriz resultante A^k\n",
        "    print(f\"\\nMatriz A^{k}:\\n\", A_potencia)\n",
        "\n",
        "    # Devolver el valor específico de la trayectoria solicitada\n",
        "    i, j = vertices\n",
        "    return A_potencia[i - 1, j - 1]\n",
        "\n",
        "# a. Número de 10-trayectorias entre los vértices 2 y 4 de G1\n",
        "print(\"\\nGrafo G1:\")\n",
        "resultado_G1 = diagonalizar_y_potenciar(A_G1, 10, (2, 4))\n",
        "print(f\"\\nEl número de 10-trayectorias entre los vértices 2 y 4 de G1 es: {int(resultado_G1)}\")\n",
        "\n",
        "# b. Número de 13-trayectorias entre los vértices 4 y 5 de G2\n",
        "print(\"\\nGrafo G2:\")\n",
        "resultado_G2 = diagonalizar_y_potenciar(A_G2, 13, (4, 5))\n",
        "print(f\"\\nEl número de 13-trayectorias entre los vértices 4 y 5 de G2 es: {int(resultado_G2)}\")\n",
        "\n",
        "# c. Número de circuitos de longitud 12 del vértice 7 de G3\n",
        "print(\"\\nGrafo G3:\")\n",
        "resultado_G3 = diagonalizar_y_potenciar(A_G3, 12, (7, 7))\n",
        "print(f\"\\nEl número de circuitos de longitud 12 del vértice 7 de G3 es: {int(resultado_G3)}\")\n"
      ]
    }
  ]
}